[38;2;0;0;0m      [38;2;255;255;255m$$$$$$$$$$$$$$$$$$$$$$$$$$$$$$$$$$$$$$[38;2;0;0;0m      [0m
[38;2;0;0;0m   [38;2;255;255;255m$$$$$$$$$$$$$$$$$$$$$$$$$$$$$$$$$$$$$$$$$$$$[38;2;0;0;0m   [0m
[38;2;0;0;0m  [38;2;255;255;255m$$$$$$$$$$$@@$$$$$$$$$$$$$$$$$$$@@$$$$$$$$$$$$[38;2;0;0;0m  [0m
[38;2;255;255;255m$$$$$$$$$[38;2;240;240;240mB[38;2;240;224;224m&[38;2;224;224;224m##**[38;2;224;208;208mo[38;2;224;224;224m*#[38;2;240;224;224m&[38;2;255;255;255m@$$$$$$$$$[38;2;240;240;240mB[38;2;224;224;224mW#[38;2;208;208;208mo[38;2;224;224;224moo*#M[38;2;240;240;240m&%[38;2;255;255;255m@$$$$$$$$$[0m
[38;2;255;255;255m$$$$$$@[38;2;240;240;240m%[38;2;224;224;224mM#*[38;2;224;208;208mooaa[38;2;208;208;208mhhhh[38;2;224;208;208ma[38;2;224;224;224m#[38;2;255;255;255m$$$$$$[38;2;240;240;240m8[38;2;208;208;208mhbbkkhhao[38;2;224;224;224mo*#M[38;2;240;240;240m&B[38;2;255;255;255m$$$$$$$[0m
[38;2;255;255;255m$$$$$$[38;2;240;240;240m8[38;2;224;224;224m#*[38;2;224;208;208mooah[38;2;208;208;208mhk[38;2;208;192;192mkbbbbb[38;2;224;224;224m*[38;2;255;255;255m@$$$[38;2;224;224;224m#[38;2;192;192;192mdpppdd[38;2;208;208;208mbkhhaa[38;2;224;224;224mo*#M[38;2;240;240;240m8[38;2;255;255;255m@$$$$$[0m
[38;2;255;255;255m$$$$$[38;2;240;240;240mB[38;2;224;224;224mM*[38;2;224;208;208moa[38;2;208;208;208mhhkk[38;2;208;192;192mbbddppdk[38;2;240;240;240m8[38;2;255;255;255m$$[38;2;224;224;224mM[38;2;192;192;192mbwwwqqpdd[38;2;208;208;208mbkhhao[38;2;224;224;224m*#M[38;2;240;240;240m%[38;2;255;255;255m@$$$$[0m
[38;2;255;255;255m$$$$$[38;2;240;240;240mB[38;2;224;224;224m#[38;2;224;208;208moa[38;2;208;208;208mhhk[38;2;208;192;192mbbddpppppk[38;2;240;240;240m8[38;2;255;255;255m$$[38;2;208;208;208mo[38;2;192;192;192mw[38;2;176;176;176mmm[38;2;192;192;192mmwwqqpdb[38;2;208;208;208mbkhha[38;2;224;224;224mo#[38;2;240;240;240m&[38;2;255;255;255m@$$$$[0m
[38;2;255;255;255m$$$$$@[38;2;240;224;224mW[38;2;224;208;208moa[38;2;208;208;208mhk[38;2;208;192;192mbbddpppppd[38;2;224;224;224m#[38;2;255;255;255m@$$[38;2;208;208;208ma[38;2;176;176;176mmOOZm[38;2;192;192;192mmwqqpdd[38;2;208;208;208mbkhho[38;2;224;224;224m*[38;2;240;240;240m&[38;2;255;255;255m@$$$$[0m
[38;2;255;255;255m$$$$$$@[38;2;240;224;224mW[38;2;224;208;208moh[38;2;208;208;208mk[38;2;208;192;192mbbddppppb[38;2;240;224;224mM[38;2;255;255;255m@$$$[38;2;208;208;208mh[38;2;176;176;176mZOOOOZ[38;2;192;192;192mmwwqqpd[38;2;208;208;208mbkha[38;2;224;224;224m#[38;2;240;240;240m%[38;2;255;255;255m@$$$$[0m
[38;2;255;255;255m$$$$$$$$[38;2;240;240;240mB[38;2;240;224;224mW[38;2;224;208;208moh[38;2;208;208;208mk[38;2;208;192;192mbbbk[38;2;224;208;208mo[38;2;240;224;224mW[38;2;240;240;240mB[38;2;255;255;255m@$$$[38;2;240;240;240mB[38;2;208;208;208mh[38;2;176;176;176m0000OOZ[38;2;192;192;192mmwwqpd[38;2;208;208;208mbka[38;2;224;224;224m#[38;2;240;240;240m%[38;2;255;255;255m@$$$$$[0m
[38;2;255;255;255m$$$$$$$$$$@@@[38;2;255;240;240mBB[38;2;255;255;255m@@@@$$$$@[38;2;224;224;224m#[38;2;192;192;192mm[38;2;160;160;160mQQ[38;2;176;176;176m0OOZ[38;2;192;192;192mmwwqpd[38;2;208;208;208mbh[38;2;224;224;224m#[38;2;240;240;240m8[38;2;255;255;255m@@$$$$$$[0m
[38;2;255;255;255m$$$$$$$$$$$[38;2;240;240;240mB&[38;2;224;224;224mM######*o[38;2;208;208;208mk[38;2;192;192;192mq[38;2;176;176;176mQ[38;2;160;160;160mL[38;2;176;176;176mO[38;2;192;192;192mp[38;2;208;208;208mh[38;2;224;224;224mo*####MW[38;2;240;240;240m&%B[38;2;255;255;255m@@$$$$$$$$[0m
[38;2;255;255;255m$$$$$$$$[38;2;240;240;240m%[38;2;192;192;192md[38;2;176;176;176mQ[38;2;128;128;128mn[38;2;112;112;112mjj[38;2;128;128;128mxnuv[38;2;144;144;144mczXYY[38;2;160;160;160mUL[38;2;192;192;192md[38;2;240;240;240m%B[38;2;255;255;255m@@@@@@@@@@@$$$$$$$$$$$[0m
[38;2;255;255;255m$$$$$@[38;2;240;240;240m8[38;2;192;192;192mw[38;2;128;128;128mv[38;2;96;96;96m\|\\[38;2;112;112;112mtfj[38;2;128;128;128mrnnuv[38;2;144;144;144mzX[38;2;160;160;160mU[38;2;176;176;176m0[38;2;224;224;224mW[38;2;240;240;240mB[38;2;255;255;255m@@@@[38;2;240;255;255mBB[38;2;240;240;240m8[38;2;224;240;240m8&&&[38;2;240;240;240m8%B[38;2;240;255;255mB[38;2;255;255;255m@@@@$$$$[0m
[38;2;255;255;255m$@@@@[38;2;224;224;224mW[38;2;176;176;176m0[38;2;96;96;96m|)))(|\[38;2;112;112;112mtfj[38;2;128;128;128mrnnv[38;2;144;144;144mzX[38;2;160;160;160mU[38;2;176;176;176m0[38;2;240;240;240m8B[38;2;255;255;255m@@[38;2;240;240;240mB%[38;2;224;224;240mW[38;2;224;224;224m######MM[38;2;224;224;240mW[38;2;224;240;240m&[38;2;240;240;240m%B[38;2;255;255;255m@@@@@$[0m
[38;2;255;255;255m$@@@[38;2;240;240;240m%[38;2;192;192;192mq[38;2;112;112;112mj[38;2;96;96;96m))))|\[38;2;112;112;112m/fjj[38;2;128;128;128mrnnv[38;2;144;144;144mzX[38;2;160;160;160mUQ[38;2;240;240;240m%B[38;2;255;255;255m@[38;2;240;240;240m%8[38;2;224;224;224mM########MM[38;2;224;224;240mW[38;2;224;240;240m&[38;2;240;240;240m8%B[38;2;255;255;255m@@@$[0m
[38;2;255;255;255m$@@@[38;2;240;240;240m&[38;2;176;176;176mQ[38;2;112;112;112mt[38;2;96;96;96m((((\[38;2;112;112;112m/tjj[38;2;128;128;128mrxnuv[38;2;144;144;144mzX[38;2;160;160;160mUL[38;2;240;240;240m%B%[38;2;240;255;255mB[38;2;224;224;224mM#######MMMMW[38;2;224;240;240mW[38;2;240;240;240m&8%B[38;2;255;255;255m@@$[0m
[38;2;255;255;255m$@@@[38;2;240;240;240m8[38;2;192;192;192mm[38;2;112;112;112mj[38;2;96;96;96m\||\[38;2;112;112;112m/tfj[38;2;128;128;128mrxnnv[38;2;144;144;144mczY[38;2;160;160;160mJ[38;2;176;176;176mm[38;2;240;240;240m%B%[38;2;240;240;255mB[38;2;224;224;224mMM####MMMMMW[38;2;224;224;240mW[38;2;224;240;240m&[38;2;240;240;240m&8%B[38;2;255;255;255m@@$[0m
[38;2;255;255;255m$@@@[38;2;240;240;240mB[38;2;224;224;224m*[38;2;144;144;144mY[38;2;112;112;112mjfttfjj[38;2;128;128;128mrxnuv[38;2;144;144;144mczY[38;2;160;160;160mUL[38;2;224;224;224m#[38;2;240;240;240m%BBB[38;2;224;240;240m&[38;2;224;224;224mWMMMMMMMMW[38;2;224;224;240mW[38;2;224;240;240m&[38;2;240;240;240m&88%BB[38;2;255;255;255m@$[0m
[38;2;255;255;255m$$[38;2;240;240;240mBBBB&[38;2;144;144;144mc[38;2;128;128;128mnxrxxxnuv[38;2;144;144;144mczX[38;2;144;160;144mU[38;2;160;160;160mU[38;2;160;176;176mQ[38;2;224;224;224m#[38;2;240;240;240m8BBB%8&[38;2;224;240;240mW[38;2;224;224;224mWMMMWWW[38;2;224;240;240mW[38;2;240;240;240m&&888%BB[38;2;255;255;255m$$[0m
[38;2;255;255;255m$$@[38;2;240;240;240mBBBB%[38;2;224;224;224mo[38;2;160;160;160mL[38;2;128;128;128mnvv[38;2;144;144;144mzzzXXYY[38;2;176;176;176mO[38;2;224;224;224mo[38;2;240;240;240m8%BBBBB%%8&[38;2;224;240;240m&&&[38;2;240;240;240m&&&88888%BB[38;2;255;255;255m@$$[0m
[38;2;0;0;0m  [38;2;255;255;255m$@[38;2;240;240;240mBBBBB%%8[38;2;224;224;224m#[38;2;192;192;192mdmwd[38;2;224;224;224m*[38;2;240;240;240m&88%%BBBBBBBB%%888888888%BBB[38;2;255;255;255m$$[38;2;0;0;0m  [0m
[38;2;0;0;0m   [38;2;255;255;255m$$$@[38;2;240;240;240mBBBBB%%%%%%%%BBBBBBBBBBBBBB%%%%%%BBB[38;2;255;255;255m@$$$[38;2;0;0;0m   [0m
[38;2;0;0;0m      [38;2;255;255;255m$$$$@@@@@@@@@@@@@@@@@@@@@@@@@@@@@$$$$$[38;2;0;0;0m      [0m
